0,0;
8,0;
2,0;
6,1;
0,5;
0,1;
0,10;
0,14;
1,7;
5,9;
4,15;
8,4;
7,5;
5,5;
5,12;
6,6;
6,8;
0,7;
0,9
total wait time: 59
last departure time: 19
fx: 137
