0,0;
11,0;
6,0;
10,2;
2,2;
0,19;
6,5;
6,6;
0,5;
11,7;
6,10;
2,8;
5,8;
9,10;
9,12;
0,13;
10,15;
5,22;
0,15;
0,16;
1,24;
5,17;
10,21;
0,24
total wait time: 46
last departure time: 30
fx: 122
