0,0;
3,0;
1,1;
7,1;
8,2;
-1,-1;
9,5;
6,6;
0,25;
7,11;
0,8;
-1,-1;
9,16;
4,10;
6,15;
2,11;
0,13;
4,14;
-1,-1;
5,20;
7,23;
2,19;
7,24;
2,23
total wait time: 45
last departure time: 30
fx: 420
