0,0;
0,1;
0,4;
0,8;
3,3;
2,8;
2,10
total wait time: 19
last departure time: 17
fx: 55
