0,0;
2,1;
2,5;
0,10;
2,3;
0,15;
0,5;
0,12;
0,9;
2,8
total wait time: 30
last departure time: 20
fx: 80
