0,0;
8,1;
4,1;
2,1;
9,3;
11,3;
0,6;
0,7;
5,8;
5,6
total wait time: 7
last departure time: 10
fx: 24
