0,0;
0,2;
4,0;
2,4;
8,0;
0,1;
4,5;
7,4;
2,2;
2,5;
0,7;
10,8;
0,9;
7,8
total wait time: 25
last departure time: 10
fx: 60
