0,0;
0,12;
9,7;
5,2;
3,10;
4,12;
0,9;
0,7;
3,9;
4,7;
8,7;
6,10
total wait time: 38
last departure time: 16
fx: 92
