0,0;
5,0;
1,2;
0,2;
3,9;
0,14;
1,6;
0,9;
4,12;
0,10;
0,7;
4,10;
0,18;
5,14;
4,14
total wait time: 63
last departure time: 20
fx: 146
