0,0;
1,0;
6,0;
7,0;
11,1;
1,1;
3,1;
0,2;
11,3;
6,4;
10,3;
3,3;
0,5;
3,4;
6,5;
10,7;
6,8
total wait time: 4
last departure time: 9
fx: 17
