0,0;
5,0;
4,11;
0,8;
3,19;
0,17;
6,2;
0,13;
0,5;
6,5;
7,3;
3,16;
6,3;
5,4;
6,4;
5,9;
0,11;
0,10;
0,16;
4,8
total wait time: 97
last departure time: 24
fx: 218
