0,0;
5,1;
3,2;
6,2;
3,3;
0,4;
0,5
total wait time: 0
last departure time: 7
fx: 7
