textid,anger,disgust,fear,joy,sad,surprise
1,0.119401318143,0.130247109476,0.0818123357804,0.122638081697,0.254345616034,0.291555538871
2,0.0903199383551,0.120277348863,0.125978173614,0.186641320318,0.237169808332,0.239613410517
3,0.00148016973343,0.000273789228675,0.0406356542033,0.401316160016,0.18789259235,0.368401634469
4,0.0810623715209,0.0964325701024,0.0822447649087,0.313440623202,0.0897637871327,0.337055883133
5,0.0851049641604,0.0684964513171,0.0941788999655,0.227304917945,0.227223475305,0.297691291307
6,0.129399701523,0.0555444118585,0.230831085789,0.0194961443828,0.432914250148,0.131814406299
7,0.0224524039952,0.0150565770003,0.176716579299,0.31453408784,0.10571121415,0.365529137715
8,0.108101379738,0.0328813955684,0.303893326256,0.0972585437345,0.343889955644,0.113975399058
9,0.0346972959129,0.151118621302,0.0213754430002,0.166737854626,0.0264973808341,0.599573404325
10,0.107460932183,0.0921738014413,0.151273208364,0.274468399899,0.113286035203,0.26133762291
11,0.115373878327,0.0452463266037,0.248285055678,0.209563896203,0.260646445188,0.120884398001
12,0.0690760579819,0.0466723309042,0.16962567675,0.298480349037,0.104377331036,0.311768254292
13,0.119995228765,0.0736407662719,0.233296091356,0.239578457822,0.141583543996,0.191905911789
14,0.13036580952,0.0801697554697,0.158204580849,0.213362467126,0.231412384081,0.186485002955
15,0.148729402691,0.151029152058,0.343457923784,0.0885246800585,0.182088610189,0.0861702312204
16,0.15467261522,0.118372684096,0.322167827797,0.112235323991,0.155197210671,0.137354338226
17,0.0538156333925,0.0898635218241,0.130578847637,0.407500457713,0.133540354376,0.184701185058
18,0.130230791168,0.0254974702922,0.165922731023,0.0872028921477,0.263225528942,0.327920586427
19,0.0416626332672,0.013652935726,0.134254623094,0.312705683472,0.191111629585,0.306612494855
20,0.122442802299,0.0934949834888,0.211720456416,0.275889870746,0.138609704747,0.157842182303
21,0.17350957766,0.0458063485929,0.147099252962,0.364610481778,0.126665767963,0.142308571044
22,0.103716173474,0.0390310620099,0.103907903577,0.253451683475,0.133130772993,0.366762404472
23,0.118951672052,0.0397238413791,0.204887716866,0.125848121017,0.310924266863,0.199664381824
24,0.110499515623,0.028400781697,0.0987622576097,0.0861685954135,0.181583269157,0.4945855805
25,0.0919701413511,0.0701357909884,0.239660992424,0.265061106402,0.168531575898,0.164640392937
26,0.00786446224151,0.0415827729964,0.0754322169559,0.00966952470172,0.520460732627,0.344990290478
27,0.082746240291,0.0725761620423,0.123189026366,0.302936016911,0.182678907604,0.235873646786
28,0.0408020192545,0.04293585459,0.168614643453,0.204323686088,0.130445336515,0.4128784601
29,0.165054062918,0.113209715137,0.234475027265,0.104882810962,0.184747824072,0.197630559647
30,0.0921831066268,0.0835469641614,0.208012488455,0.215668623579,0.221243300631,0.179345516548
31,0.0520097363147,0.0309214322325,0.0638070707307,0.537359168794,0.0737153071982,0.24218728473
32,0.0962644638682,0.0805332630827,0.247706613663,0.197139509583,0.190423158025,0.187932991779
33,0.0728527498626,0.0370702212645,0.0998046637856,0.272216192245,0.266110720513,0.25194545233
34,0.129258562539,0.0344521439429,0.334733073475,0.230798406972,0.109315668452,0.16144214462
35,0.00299919947622,0.0294817745354,0.029425895318,0.615793811147,0.0534993999038,0.268799919619
36,0.060710607796,0.00905119772058,0.0518144647104,0.535459309588,0.161003385586,0.181961034599
37,0.085220149686,0.0281641473145,0.285088960514,0.115070676814,0.180392305802,0.30606375987
38,0.0870936879716,0.116728489919,0.205084068133,0.206568025129,0.105077791268,0.279447937578
39,0.26477999663,0.159307538138,0.110227029962,0.0755628702984,0.0814253450512,0.308697219921
40,0.155954898439,0.108233695375,0.269901124824,0.138603188073,0.175389766846,0.151917326444
41,0.0238557512884,0.00759335573239,0.137265996037,0.264929847986,0.178200285376,0.38815476358
42,0.103418718254,0.0578717291004,0.351227534322,0.165312693107,0.139864157597,0.18230516762
43,0.0344272288851,0.0417712752158,0.0607034944159,0.387008240226,0.154607130878,0.321482630379
44,0.174529192902,0.199460362859,0.111275924339,0.171678355593,0.165686012352,0.177370151955
45,0.0483935068931,0.0470565389354,0.13769661232,0.0412462203125,0.50990171526,0.215705406279
46,0.0529118280812,0.028543678586,0.0987671129114,0.451486929383,0.071673964647,0.296616486391
47,0.051683023914,0.0731163331308,0.0776429400187,0.326204420387,0.13220153637,0.33915174618
48,0.00186946016642,0.0229265896158,0.0262304634114,0.56163519145,0.0384863022778,0.348851993079
49,0.116559815166,0.0800486464138,0.266490443307,0.0622304171382,0.343162010067,0.131508667909
50,0.201879633421,0.112224907812,0.285788850481,0.114419023165,0.201045971518,0.0846416136031
51,0.112384618503,0.0624208531874,0.0987285081498,0.345239312713,0.117147775262,0.264078932184
52,0.0550851622374,0.01500184771,0.172425411363,0.420831607503,0.120551428809,0.216104542377
53,0.0182273425041,0.158603849899,0.0477282980888,0.155040238757,0.048414160636,0.571986110116
54,0.113309986586,0.0340533133446,0.0647990067052,0.388393604748,0.0552414940759,0.34420259454
55,0.0520850490384,0.00572636982292,0.0931830069017,0.0777708796237,0.723262818598,0.0479718760148
56,0.091520273296,0.133226092668,0.0271283781596,0.277942237962,0.200802083225,0.26938093469
57,0.139758004186,0.109670735166,0.187244583767,0.138061179403,0.190873042231,0.234392455248
58,0.0629993278808,0.0468641687614,0.101767832889,0.286711627826,0.137795132351,0.363861910293
59,0.0386273201001,0.019839774057,0.208086432848,0.158324420961,0.167734881543,0.40738717049
60,0.146944900404,0.115448485925,0.182474240726,0.125646380248,0.21600917141,0.213476821285
61,0.118874876809,0.0439516324319,0.162318397922,0.319462610839,0.144324936265,0.211067545733
62,0.0140141093537,0.00619082609492,0.186045090279,0.400339954889,0.21967018807,0.173739831313
63,0.0412518867129,0.0466610379141,0.0282418549648,0.494056002098,0.104634122086,0.285155096224
64,0.132912819158,0.0785936234656,0.280032459547,0.178558181185,0.0955430656973,0.234359850948
65,0.147894708203,0.103710195142,0.140900407785,0.113466842303,0.219724530106,0.274303316461
66,0.0813553311677,0.0343161691096,0.279212295546,0.304284242729,0.143238464653,0.157593496794
67,0.0189517430931,0.0238350664668,0.0130660979705,0.563554139928,0.0891860467978,0.291406905744
68,0.0323859790213,0.0211211020749,0.149076349629,0.297207517135,0.145476286812,0.354732765329
69,0.0502567639751,0.0342081684631,0.219894356934,0.131207838817,0.420808343517,0.143624528294
70,0.0602624862409,0.0511587665879,0.0669004384946,0.220792540071,0.105978976751,0.494906791855
71,0.0756804414959,0.0760933692836,0.126132184126,0.332878955122,0.184151684298,0.205063365675
72,0.16562560495,0.108122872579,0.0525691170233,0.294273281305,0.172569758178,0.206839365964
73,0.114989480255,0.0707852559544,0.282571860321,0.052005283077,0.375597866867,0.104050253526
74,0.0710059270055,0.0316384994818,0.186419337783,0.2416367197,0.311531932018,0.157767584012
75,0.186004672697,0.0483444917299,0.318594493715,0.0767893361318,0.242420721866,0.12784628386
76,0.0766580836567,0.0590296621172,0.107483289112,0.286124459924,0.179363854471,0.29134065072
77,0.0173137438821,0.00698835839938,0.148631775062,0.0178269946347,0.592976059708,0.216263068314
78,0.00301402374233,0.000282537486559,0.0169620919221,0.853534722129,0.00348699034423,0.122719634376
79,0.0960816494489,0.0715091196505,0.146070612496,0.247285813002,0.206965825714,0.232086979688
80,0.0643161416957,0.0328249844424,0.131478273352,0.276876887385,0.279031379923,0.215472333202
81,0.121272908476,0.0857454764984,0.159530645543,0.250905443484,0.218959611138,0.163585914859
82,0.152553081499,0.054894942016,0.205236511453,0.0423533651245,0.37240816456,0.172553935347
83,0.100604768639,0.0407946651158,0.183961323231,0.335403840418,0.0870260812938,0.252209321303
84,0.0996615671921,0.0526209259002,0.207454396848,0.121267311308,0.296926917739,0.222068881012
85,0.0603619814165,0.058439884642,0.262659504578,0.00367956566415,0.34325185669,0.271607207009
86,0.0388042498936,0.00825837243323,0.350051658663,0.210278415218,0.0756952407206,0.316912063071
87,0.265198591096,0.0843892180548,0.238946388712,0.0299854420899,0.323034776735,0.0584455833112
88,0.0515002218126,0.0395284940266,0.0981890076467,0.333833912164,0.149804439071,0.327143925279
89,0.0822200329841,0.0474859398864,0.108286206587,0.306979768333,0.210532959938,0.244495092272
90,0.105880296651,0.0428128760132,0.125586208202,0.192038346703,0.466862560723,0.0668197117078
91,0.0243384760904,0.0126461404415,0.144416809236,0.394023929956,0.100698038787,0.323876605489
92,0.186706730255,0.119228057102,0.33015429659,0.0552602367217,0.245792472398,0.0628582069333
93,0.112712240686,0.070169492597,0.166515752916,0.307250687926,0.135556418687,0.207795407188
94,0.129305219953,0.0625112811889,0.27332398038,0.211239118386,0.0993133779075,0.224307022184
95,0.0541934236018,0.0493252388196,0.256008797616,0.247994125273,0.243625777546,0.148852637144
96,0.0369913011514,0.0435653071641,0.123720454627,0.464196004688,0.207559618033,0.123967314336
97,0.0117202741873,0.0143465105911,0.121073127729,0.562936082007,0.0679466245858,0.2219773809
98,0.0743279870846,0.0457202748345,0.105609567302,0.0308962511678,0.518582457036,0.224863462576
99,0.029373622851,0.01838296326,0.101213122953,0.342443404953,0.0799758143555,0.428611071628
100,0.0271520240114,0.014101096072,0.0451316724451,0.663595079665,0.0518084238329,0.198211703974
101,0.0843360532941,0.0177157713032,0.22435869546,0.224100462884,0.27823144645,0.171257570608
102,0.0205784087395,0.0154922661265,0.0328553989928,0.612482567802,0.0630940634527,0.255497294886
103,0.150547964424,0.0715689811062,0.198585867472,0.0259589123465,0.396872432094,0.156465842558
104,0.0706195774639,0.0255135043074,0.150465294099,0.395757470427,0.130337927631,0.227306226072
105,0.19006824144,0.13499217983,0.446479005099,0.0210618795733,0.186286864279,0.0211118297784
106,0.111541550721,0.0739506655806,0.226344516596,0.0924880538645,0.360631249293,0.135043963945
107,0.126620096234,0.0571537869995,0.197944935001,0.279595568697,0.193415408515,0.145270204554
108,0.050426181596,0.0343999055131,0.124754846102,0.315754233128,0.0561563240469,0.418508509614
109,0.0177691979908,0.00717219365577,0.0217772265044,0.754128260836,0.0199490962632,0.17920402475
110,0.0311903971322,0.0,0.183321337258,0.402298585643,0.218338545232,0.164851134734
111,0.0626196186256,0.117136147629,0.0956154001352,0.305970950927,0.174595273228,0.244062609455
112,0.117178423145,0.11853232668,0.185988253459,0.18646652541,0.185414016488,0.206420454818
113,0.0551359486809,0.0282162619259,0.186107371457,0.26470580809,0.187974504038,0.277860105809
114,0.202437472986,0.065791541964,0.301246079495,0.0887878300057,0.261534742417,0.0802023331314
115,0.138589053941,0.0991865921738,0.370756119948,0.133181092363,0.158694236525,0.0995929050489
116,0.0317791446742,0.020455067778,0.0848240076998,0.46103440266,0.116350614435,0.285556762753
117,0.131388302432,0.0602246296033,0.281993393986,0.147218935892,0.233676626216,0.145498111871
118,0.0508344875544,0.0237472724041,0.215565337452,0.267317762794,0.102826332144,0.339708807652
119,0.181653516275,0.0448099044855,0.125813049902,0.196935762749,0.107577701399,0.343210065189
120,0.0372164475144,0.0260706754929,0.349952320172,0.110798919282,0.259280874062,0.216680763476
121,0.0458582147489,0.0146373429743,0.113541315291,0.394373231144,0.0562595932484,0.375330302593
122,0.0845383628698,0.0691474259105,0.144907318815,0.261053493169,0.138880079969,0.301473319267
123,0.0368784811835,0.00688134649851,0.0929936831968,0.577671117814,0.122781088841,0.162794282467
124,0.0428487228535,0.0116724799532,0.446520621663,0.0155032463694,0.456069923794,0.0273850053665
125,0.0676489818622,0.0915082418003,0.0955859948444,0.265181374395,0.189112018716,0.290963388382
126,0.0686107944026,0.149200739019,0.12128694065,0.292914223637,0.192753381741,0.17523392055
127,0.114866613691,0.0294759897112,0.121107226118,0.312805332086,0.154505879268,0.267238959127
128,0.0745567208362,0.0628903626344,0.266945475493,0.187568097395,0.110860716959,0.297178626682
129,0.196787761717,0.067362652467,0.201204185799,0.240715662099,0.137381907595,0.156547830322
130,0.0352102310247,0.00478361260942,0.119479794819,0.287509944492,0.101859139282,0.451157277773
131,0.0784826477357,0.0569230702163,0.0785984374206,0.459540994952,0.137335098237,0.189119751438
132,0.0170601537079,0.00688600162222,0.0209082498653,0.729655702524,0.0191530675025,0.206336824779
133,0.231648430643,0.0746005884741,0.286131784411,0.05570155635,0.300189888907,0.0517277512145
134,0.0882175696011,0.0733960450382,0.235855750442,0.0153301103217,0.399521663638,0.187678860959
135,0.0228228038958,0.00268864699765,0.220289751306,0.3260161828,0.165688330558,0.262494284442
136,0.0421533947469,0.0519762930606,0.150432973783,0.367905374245,0.135264491241,0.252267472924
137,0.0988144888249,0.111548789938,0.179105713627,0.16833730289,0.128759916312,0.313433788408
138,0.0902766198699,0.0417650047517,0.141454489181,0.229844995491,0.18087316045,0.315785730256
139,0.124484851055,0.0588845791959,0.165470313959,0.312968491996,0.169277649805,0.168914113988
140,0.10021714295,0.0448525144917,0.157051602432,0.33413019168,0.142402497969,0.221346050477
141,0.0363401743644,0.0711507496183,0.0349542806759,0.53009908085,0.127471946377,0.199983768114
142,0.111361735739,0.0228144572185,0.0769081384318,0.185683521471,0.422405939494,0.180826207645
143,0.0257191355444,0.0426832502262,0.0663463782349,0.554442611541,0.0701278011045,0.240680823349
144,0.0916791264597,0.0321389451557,0.173037872477,0.262448407452,0.242896046271,0.197799602184
145,0.0702531249807,0.0607666469114,0.217684529838,0.135251233942,0.275966461114,0.240078003215
146,0.117342316613,0.0909111725531,0.124021679159,0.243575020572,0.241788375,0.182361436104
147,0.0654723966485,0.0805658747406,0.233215351048,0.165849120476,0.152273629916,0.302623627171
148,0.0407847026503,0.0258424546302,0.174122499264,0.249995568265,0.263304996405,0.245949778786
149,0.0407146736401,0.0293927043983,0.198763463714,0.205844499016,0.208065128812,0.31721953042
150,0.0444647475358,0.0201913699364,0.172654666843,0.114359721558,0.481918977723,0.166410516403
151,0.053221090491,0.0475587237484,0.246207156416,0.235978261037,0.189561004977,0.22747376333
152,0.0960816494489,0.0715091196505,0.146070612496,0.247285813002,0.206965825714,0.232086979688
153,0.0625016697405,0.0145156585163,0.273749906446,0.375220756059,0.112332883979,0.16167912526
154,0.00456279270833,0.0720633260683,0.0107785080317,0.317628728338,0.013505978497,0.581460666357
155,0.0393871432235,0.0747312817775,0.0884690474677,0.304860523493,0.115530444031,0.377021560007
156,0.0508449118198,0.0437390581765,0.159550153957,0.307328047278,0.134852181923,0.303685646846
157,0.0579634708401,0.0246727057038,0.205682976103,0.317023582379,0.134999777591,0.259657487384
158,0.106894625181,0.0517010799363,0.108250004695,0.30102546458,0.143583777986,0.288545047621
159,0.067233719748,0.0146443580879,0.127410670619,0.363743173102,0.1580682223,0.268899856143
160,0.0413717413998,0.0306504698139,0.276397433772,0.225648206963,0.217284679878,0.208647468174
161,0.0556668460791,0.0199319864413,0.193210822464,0.388935374478,0.20404609941,0.138208871128
162,0.148051985582,0.105584538522,0.191553715107,0.0920336076172,0.285800416814,0.176975736359
163,0.213309900655,0.132982302799,0.131679580242,0.105030729064,0.148167752398,0.268829734842
164,0.14020700141,0.134504145791,0.26361438609,0.132336866534,0.280644221727,0.0486933784478
165,0.168154054491,0.125776265725,0.199547990953,0.129929409039,0.176135920052,0.200456359739
166,0.0813206844527,0.0778667980296,0.159806850335,0.308402972629,0.181195057463,0.191407637091
167,0.1706390586,0.0668976159577,0.195876778128,0.193851906685,0.16859993125,0.204134709379
168,0.0650865573503,0.0369722757865,0.20858314715,0.21262741426,0.244568878003,0.23216172745
169,0.125422835668,0.0596273124887,0.184901269723,0.175250472498,0.346273877301,0.108524232322
170,0.0276622553859,0.0125186993506,0.0584599368638,0.582761607844,0.174585306542,0.144012194014
171,0.146377204684,0.0909965258057,0.271014806233,0.128057085832,0.215061473583,0.148492903861
172,0.0995793771387,0.0565645986595,0.0920011481819,0.338555585484,0.101132171528,0.312167119008
173,0.0808489705366,0.0306614703837,0.264616758135,0.25624272239,0.213021007732,0.154609070823
174,0.0153811761799,0.00446414680113,0.153705428128,0.388307133956,0.147814246418,0.290327868517
175,0.0727573771245,0.0133922107395,0.253694754085,0.0670133630578,0.459814285346,0.133328009647
176,0.0698854164284,0.0740651928887,0.104757528944,0.311333817674,0.175679775793,0.264278268272
177,0.114297672075,0.0786131783234,0.447801125235,0.0101925251208,0.315209516329,0.0338859829168
178,0.145836983182,0.0485570116674,0.26136108005,0.267180882019,0.0908873014574,0.186176741625
179,0.0669597557306,0.0153785665221,0.151514344933,0.344888823236,0.181303202813,0.239955306765
180,0.0737472745596,0.117846079553,0.206380271794,0.156844553909,0.148495783581,0.296686036603
181,0.0535416015435,0.0238863018534,0.412974661097,0.150463072015,0.260575623001,0.0985587404901
182,0.0503701360835,0.0363566689334,0.0862163569639,0.120714202401,0.263930950778,0.44241168484
183,0.0814194037851,0.0316086585249,0.159101372495,0.282008991625,0.288173781042,0.157687792527
184,0.0675890657528,0.0641891584775,0.146650545894,0.305518940393,0.184640418898,0.231411870585
185,0.0350300259622,0.05019872219,0.0619346282893,0.298888211951,0.198653452628,0.355294958979
186,0.10805162394,0.0907373095557,0.163930076217,0.309029324242,0.169246635299,0.159005030746
187,0.016817373379,0.00652326623953,0.0487648032653,0.543931045146,0.0775824055877,0.306381106382
188,0.0788889927198,0.0846474453159,0.173357350971,0.301896198142,0.147789860275,0.213420152577
189,0.0129825353267,0.0,0.0684021435675,0.520535849224,0.103852578563,0.294226893319
190,0.0675890657528,0.0641891584775,0.146650545894,0.305518940393,0.184640418898,0.231411870585
191,0.0940395957846,0.0202644330596,0.218492779799,0.202725683089,0.23149571233,0.232981795938
192,0.184297669956,0.0810267552991,0.116487193029,0.2815810113,0.116512145377,0.220095225038
193,0.0507650632758,0.0357074361239,0.143521285505,0.331908357411,0.0798056037743,0.35829225391
194,0.0645656992768,0.044524655771,0.190734321726,0.179969300519,0.221214248097,0.29899177461
195,0.127028784057,0.0332727258595,0.250121979463,0.325842766244,0.0970230754364,0.166710668939
196,0.134429962938,0.0709546390757,0.149450401862,0.106242060891,0.255357667725,0.283565267509
197,0.0825949919297,0.0231754590058,0.30421831775,0.0360831946447,0.461303454664,0.0926245820058
198,0.0627559894019,0.0340648031363,0.158661572007,0.219096745112,0.312892180676,0.212528709667
199,0.0996718470196,0.071093971226,0.421834639704,0.0579406448819,0.222797789667,0.126661107501
200,0.189141785291,0.130871995342,0.249672006031,0.0434652301733,0.251305293475,0.135543689686
201,0.0580402042378,0.0143478366228,0.0737417131403,0.460734310379,0.0667933608661,0.326342574754
202,0.0782891550105,0.0513737951619,0.18555227166,0.129844142352,0.22689693651,0.328043699305
203,0.118335191347,0.0522795431053,0.205646552893,0.196581007067,0.162387784402,0.264769921186
204,0.00845149334819,0.048619511806,0.12678218476,0.0450710069685,0.0923619154915,0.678713887626
205,0.0389948699222,0.0289624095982,0.156653530264,0.364524922978,0.118761837576,0.292102429662
206,0.00922505937735,0.0164564005812,0.101131306341,0.187092331212,0.347656472925,0.338438429563
207,0.0778504547828,0.0422179952478,0.29030527694,0.238152067394,0.144930729562,0.206543476074
208,0.15225745487,0.0502251371806,0.0786806569086,0.397060212451,0.0584238585158,0.263352680074
209,0.0642578575156,0.0228155876494,0.178033212687,0.405628368519,0.104460501909,0.22480447172
210,0.201048497852,0.0556434840159,0.280109255235,0.184732965409,0.139073925681,0.139391871807
211,0.196899846806,0.0665382579571,0.251792582987,0.190119486143,0.150312207025,0.144337619082
212,0.151628023818,0.120696356027,0.212277106262,0.196969187462,0.170888771154,0.147540555277
213,0.0758205619523,0.0502696433562,0.420422234123,0.106839715277,0.227062646035,0.119585199256
214,0.173450111585,0.179261488594,0.142222103555,0.0603385904063,0.36980774921,0.07491995665
215,0.0336127109015,0.0543425883816,0.128187257272,0.367763400624,0.223135323552,0.192958719269
216,0.0736603376118,0.0181793390214,0.0746609527674,0.282039436934,0.166117963215,0.385341970451
217,0.0758307454476,0.0556758789917,0.1865921392,0.269023392485,0.226260144348,0.186617699528
218,0.0836392758175,0.115291250092,0.0980997791403,0.266061550579,0.134054662439,0.302853481931
219,0.17051083176,0.0977542333708,0.183437674755,0.121683931288,0.266080267912,0.160533060914
220,0.026277313623,0.0090744285181,0.14362486396,0.545844861834,0.157229043869,0.117949488195
221,0.147290828789,0.0554427722475,0.118163999943,0.35554386281,0.131187863263,0.192370672948
222,0.0177586296398,0.0436232763738,0.134137837008,0.410053849995,0.0467823274417,0.347644079541
223,0.0489809827511,0.0328353032891,0.225420164293,0.173778747974,0.197536267016,0.321448534677
224,0.0847840348439,0.0540274284905,0.0832754967462,0.276037207469,0.243132739801,0.25874309265
225,0.0372830806615,0.0298816776465,0.459044281324,0.0697228669655,0.264923074714,0.139145018688
226,0.182726157506,0.0571785294045,0.129850103595,0.133376972708,0.156414606281,0.340453630505
227,0.137968138007,0.0805933562078,0.138449436589,0.311370406064,0.103019782808,0.228598880326
228,0.0364079474504,0.0169275998077,0.34484482568,0.172378881337,0.0875537775932,0.341886968131
229,0.0488334282231,0.0117523610164,0.0897206234643,0.581356423871,0.0421808759784,0.226156287446
230,0.030341908334,0.00429216390122,0.090400596729,0.257600219174,0.388245245393,0.229119866469
231,0.085527829657,0.0411107898043,0.254015878128,0.234888033285,0.150712826754,0.233744642371
232,0.0329993405372,0.0563836920975,0.122995402022,0.301637808796,0.15043183337,0.335551923177
233,0.0733190487496,0.0203773934228,0.182209436286,0.29974869551,0.12267185263,0.301673573402
234,0.0675890657528,0.0641891584775,0.146650545894,0.305518940393,0.184640418898,0.231411870585
235,0.131021541939,0.0646225594474,0.314985916126,0.105674975084,0.243774793117,0.139920214286
236,0.186386366402,0.0757605385313,0.229927517035,0.206236589357,0.129452499913,0.172236488762
237,0.169462147078,0.084895020526,0.201060534106,0.0819446382115,0.297540900821,0.165096759257
238,0.134444889552,0.151564878253,0.184525680792,0.143305439312,0.229710816571,0.156448295521
239,0.0342154822392,0.0227560452164,0.0764625078681,0.509972206408,0.0520791407933,0.304514617475
240,0.155006659818,0.0679556543323,0.232553033591,0.211335698078,0.142705644798,0.190443309383
241,0.100524658351,0.0371337389653,0.0977346538863,0.237255189504,0.114550575445,0.412801183847
242,0.0569400280527,0.0331199536024,0.054192006101,0.576139872747,0.0863124988951,0.193295640601
243,0.326476917646,0.0870255474661,0.187692466548,0.0666107644026,0.176155418694,0.156038885242
244,0.0543831682122,0.0401480006866,0.186128654978,0.344260368177,0.161424414618,0.213655393328
245,0.167771187902,0.212847878002,0.177436362914,0.100915371275,0.158004276771,0.183024923136
246,0.0613236753894,0.114872922446,0.0705668360449,0.310902884647,0.185190900607,0.257142780866
247,0.00929454370322,0.00279889668311,0.0225124348639,0.806422024097,0.038099500525,0.120872600128
248,0.14587174534,0.0527454484363,0.100300474464,0.0896987313762,0.148801216865,0.46258238352
249,0.107074877222,0.133896630123,0.0648912820669,0.318980332697,0.118589544484,0.256567333407
250,0.0177805147583,0.0619593341844,0.0886481803792,0.311682759469,0.117568715834,0.402360495375
251,0.112274428368,0.0153194380564,0.0935772552151,0.298610489081,0.198326080296,0.281892308984
252,0.0587047114263,0.0147328576036,0.181034507755,0.307861454774,0.232855617857,0.204810850584
253,0.0422474527728,0.0656601087278,0.0731866357444,0.333101789008,0.269680158034,0.216123855713
254,0.0645135660716,0.0822566756694,0.17045190555,0.288291354988,0.140190328933,0.254296168788
255,0.148023802624,0.0869544987064,0.204975718584,0.203249181258,0.157798096413,0.198998702413
256,0.0767338454801,0.0705492952806,0.19649449114,0.0518111023909,0.414213179883,0.190198085825
257,0.0140441589097,0.0,0.126079699162,0.0885286447472,0.491473848093,0.279873649088
258,0.125388818226,0.176345211869,0.120337161811,0.0911979291691,0.171651098408,0.315079780518
259,0.0752846757318,0.10871130993,0.254899458786,0.131813462961,0.274251133918,0.155039958674
260,0.0701060847145,0.097085653657,0.114308264047,0.248639610525,0.151566668787,0.318293718268
261,0.0450289635351,0.0983335511222,0.0491393793863,0.206068327569,0.246987152351,0.354442626036
262,0.100304746288,0.140897437197,0.162953774736,0.117988709835,0.166032209429,0.311823122515
263,0.0722917482343,0.0279794689424,0.111810556094,0.323886905156,0.140611686935,0.323419634638
264,0.0277419676372,0.0193156796993,0.0656456424744,0.365272482902,0.212336201596,0.309688025692
265,0.181748769308,0.0338917195118,0.0984319660312,0.0867712548685,0.206188545692,0.392967744589
266,0.00511325813556,0.0747626518287,0.0193847910106,0.220807256687,0.070436552941,0.609495489397
267,0.165603868239,0.128555594418,0.199871305605,0.117332020438,0.289236306267,0.0994009050324
268,0.171762488594,0.177929616316,0.160177694459,0.0653557918073,0.133694262407,0.291080146416
269,0.0831156646996,0.0878793112973,0.0814734041754,0.210020327067,0.27992625958,0.257585033181
270,0.1615082167,0.0404930311212,0.250841007282,0.19764703119,0.225175109211,0.124335604496
271,0.218017938003,0.125953900792,0.197246915025,0.228911925159,0.151702074522,0.0781672464991
272,0.0356005279807,0.0206609257374,0.17186354918,0.301652428357,0.282194392812,0.188028175933
273,0.182395981364,0.0886243005024,0.265420093033,0.0990056973652,0.278291884618,0.0862620431167
274,0.111571727034,0.0673479451121,0.240656012549,0.284797352411,0.124050720129,0.171576242765
275,0.0261111798511,0.0459498751815,0.105967581678,0.504028533947,0.0929680892069,0.224974740135
276,0.184205917853,0.157003582913,0.245758180861,0.14590211045,0.20751622963,0.0596139782934
277,0.0642476245601,0.0239120857482,0.0886034815907,0.520120109488,0.0694881776537,0.233628520959
278,0.105480078604,0.0168149496357,0.168210285673,0.209192232977,0.293777827276,0.206524625833
279,0.145169880252,0.030123984142,0.265689593269,0.139845543195,0.213363649757,0.205807349385
280,0.21493507371,0.173949106744,0.259059302328,0.0452748804626,0.185619928521,0.121161708234
281,0.0650108926844,0.00129722212727,0.272772043639,0.0539955383125,0.491476248673,0.115448054564
282,0.0282319292196,0.0593959300157,0.173477280546,0.288556395283,0.243897545064,0.206440919871
283,0.20300052709,0.11211481718,0.156299376798,0.104213351328,0.306995454264,0.11737647334
284,0.0954852505078,0.0667447131563,0.109827375335,0.334498908068,0.195201525504,0.198242227429
285,0.0501093720185,0.0410640950514,0.128562962841,0.345775318482,0.091297070282,0.343191181326
286,0.073125727484,0.1003738103,0.269628617691,0.138095138392,0.252990476976,0.165786229157
287,0.0675890657528,0.0641891584775,0.146650545894,0.305518940393,0.184640418898,0.231411870585
288,0.023125468243,0.0200569625973,0.132509722038,0.32841144356,0.249203169668,0.246693233894
289,0.0116686028573,0.00629601237865,0.104099655531,0.283126477855,0.428274447285,0.166534804093
290,0.0140074728299,0.0231172090735,0.112057254229,0.566623704687,0.115954748803,0.168239610378
291,0.0980166979171,0.0466617902945,0.0969359783253,0.264548663378,0.299468269454,0.194368600631
292,0.1279569503,0.203674739513,0.128899937926,0.109456134583,0.234294713797,0.195717523881
293,0.287142590554,0.0243290279572,0.291022323705,0.017710304357,0.350195711962,0.0296000414646
294,0.041948210836,0.0294133306425,0.181650402266,0.323261376473,0.267588084603,0.15613859518
295,0.0663226472975,0.077432822015,0.121730354008,0.187336967201,0.259395922197,0.287781287281
296,0.0550932655176,0.00958989058965,0.0776097213791,0.522864582067,0.0614656984482,0.273376841999
297,0.212362564123,0.119067232986,0.291351332798,0.0529565207149,0.247699817096,0.0765625322825
298,0.0374847188551,0.00921852388433,0.467375486851,0.0531320347431,0.298335322299,0.134453913368
299,0.228367437825,0.101351648163,0.262638765902,0.0826023493859,0.245079644051,0.0799601546732
300,0.0989883204248,0.101306131713,0.166171008279,0.0593080734413,0.198492223346,0.375734242795
301,0.0642526300752,0.0289337035124,0.0843836451261,0.344989925876,0.202087504507,0.275352590904
302,0.267978819482,0.0387926559853,0.30275571461,0.088739260065,0.111976863424,0.189756686434
303,0.00964532207937,0.0437994031724,0.0600598384652,0.235651051854,0.28692831838,0.363916066049
304,0.126527690266,0.0736563696414,0.198041039353,0.124838388195,0.304395784437,0.172540728108
305,0.0290012916294,0.00159360217628,0.0915953946353,0.585808004916,0.237015036322,0.0549866703205
306,0.0628111155207,0.0385434139818,0.27223823876,0.289789602198,0.104030944872,0.232586684668
307,0.175629628554,0.139913354817,0.18570265517,0.136509566792,0.227776091801,0.134468702866
308,0.102381212965,0.0364521457147,0.087686166196,0.45836130247,0.153839717225,0.16127945543
309,0.100909132533,0.114075061979,0.367661136952,0.124914937263,0.182331078895,0.110108652378
310,0.0445440552923,0.0371076738863,0.0915861712699,0.390486804787,0.275108849685,0.161166445079
311,0.0675890657528,0.0641891584775,0.146650545894,0.305518940393,0.184640418898,0.231411870585
312,0.104504579467,0.0383623798811,0.0703766092969,0.416413340851,0.105231206733,0.265111883771
